— 237 —

II) Волынское воеводство.

ПОВ

| | |
1) | Луций повттв.
| 1765 | 51 | 960 | 326,50 6,0 16667 | 6655 | 23322
| 1778 | 54 | 860 1545 Зв | 7898| 3429 | 11397
1284 46 | 827 1980] 4,2 | 9136] 3741 | 12877
1787 | 41 | 707 | 271,% 5,3 | 11160 3842 | 15002
1790 3 50 |336,66| 12,12 | 1010) 606 | 1616
2) Binaduxip ск по ania
1765 | 16 | 305 31158 7,8 | 4987 | 2434 | 7421
1777 | 2 | 29.| 232,50] 5a | 466 | 166 | 681
1784 | 16 | 313 | 148,63| 4,80 | 2379 | 1508 | 3882
1887 | 16 ! 819 |179,87| 4,09 2878 1306 | 4184
1790 | 15 | 354 |206x0| 5, | 8111 | 2506 | 5617
3) | Кремен euktii nojiemme.
1765 | 49 | 848 |319,32| 6,30 |15647| 5346 |209931)

') Переписей за xpyrie годы по этому noBBry He сохранилось.
